 --- primitive lattice vectors ---
  13.6627189232   0.0000000000   0.0000000000
   0.0000000000  13.6627189232   0.0000000000
   0.0000000000   0.0000000000  37.7945198430
 --- Equilibrium position and mass of each atom---
 Natom=   14
    25  10.2450759720  13.6625956530  10.3309288780   115836.56299 Cu    0
    26   3.4097579540   6.8313803180  10.3433521370   115836.56299 Cu    0
    27   6.7887501710  10.2917847410  10.3561715780   115836.56299 Cu    0
    28   6.7889503030   3.3711052700  10.3564630740   115836.56299 Cu    0
    29   0.0439706960   3.3622539810  10.3580183210   115836.56299 Cu    0
    30   0.0436240550  10.3002323260  10.3583451750   115836.56299 Cu    0
    31   3.4218837890  13.6626701180  10.3674806560   115836.56299 Cu    0
    32  10.2533047130   6.8314060450  10.8313214600   115836.56299 Cu    0
    33  10.1983246560   5.5243260570  14.8621270400    21894.57964 C     0
    34  10.2063656220   8.1354406310  14.8629589710    21894.57964 C     0
    35   8.4303308550   4.4573304150  15.0571816600     1837.35098 H     0
    36   8.4451480870   9.2127582140  15.0580893850     1837.35098 H     0
    37  11.9545709460   4.4455517140  15.0893256280     1837.35098 H     0
    38  11.9690221000   9.2028380540  15.0909105020     1837.35098 H     0
 --- Vibrational modes ---
 Nmode=   42 Natom=   14
 n=     1 A   IR&R
     hbarW= -0.37855690E-03 Ha = -0.10301058E-01 eV; nu= -0.83083645E+02 cm^-1
    25  -0.0011706038  0.0002149406 -0.0014071297
    26   0.0011461050  0.0036660274  0.0028293774
    27  -0.0379587344  0.0252163630 -0.0696961890
    28   0.0359692016  0.0267541716  0.0730731848
    29   0.0387192986 -0.0233624399 -0.0703327706
    30  -0.0381665091 -0.0232789406  0.0692681904
    31   0.0001616034 -0.0002147884  0.0012784542
    32  -0.0002339877  0.0024072484 -0.0004012463
    33  -0.4938269553  0.0044317754 -0.0035853292
    34   0.5208998813  0.0014425681  0.0036178943
    35  -0.2649119000  0.2043777304  0.0042063269
    36   0.2752158009  0.2042031435 -0.0021038521
    37  -0.2657775284 -0.2002981220 -0.0086213159
    38   0.2736513955 -0.2036439322  0.0066450556
 n=     2 A   IR&R
     hbarW= -0.25202968E-03 Ha = -0.68580770E-02 eV; nu= -0.55314127E+02 cm^-1
    25   0.0021190061  0.3674104083 -0.0026993502
    26   0.0028026639  0.3501429443 -0.0022393639
    27   0.3544554589  0.0110071726 -0.0123770022
    28  -0.3523210970  0.0071833211  0.0194134031
    29   0.3526752978  0.0128347719  0.0157982361
    30  -0.3541269322  0.0068291023 -0.0205135867
    31  -0.0019352901 -0.3571440070  0.0001361583
    32  -0.0019738643 -0.3140670243  0.0021119133
    33  -0.0016364930 -0.0777887866  0.0199139682
    34  -0.0021938333 -0.0777715650 -0.0183898595
    35  -0.0004192555 -0.0218248342  0.0091461013
    36  -0.0007278818 -0.0218420565 -0.0089255825
    37  -0.0003498528 -0.0214167383  0.0094172243
    38  -0.0007699227 -0.0214340876 -0.0087731219
 n=     3 A   IR&R
     hbarW= -0.22460403E-03 Ha = -0.61117870E-02 eV; nu= -0.49294892E+02 cm^-1
    25  -0.3578984592  0.0035696837 -0.0042626616
    26  -0.3455293592  0.0008462699  0.0081675633
    27  -0.0097801897 -0.3514279263 -0.0349246041
    28  -0.0152416553  0.3503132438 -0.0296084991
    29  -0.0087453101 -0.3519116861  0.0405415024
    30  -0.0134738294  0.3508909703  0.0249255993
    31   0.3528039774 -0.0019788438  0.0034127406
    32   0.3238216989 -0.0033087934  0.0003414759
    33   0.1050095058 -0.0000434454  0.0018547681
    34   0.1018418837 -0.0001635592  0.0006805395
    35   0.0301223536 -0.0004390590 -0.0044250090
    36   0.0284151532 -0.0008434180 -0.0051593506
    37   0.0300388050  0.0004074212  0.0056384743
    38   0.0283491269  0.0008723274  0.0049204518
 n=     4 A   IR&R
     hbarW= -0.24020810E-04 Ha = -0.65363955E-03 eV; nu= -0.52719591E+01 cm^-1
    25   0.0461453839  0.3296359288 -0.0351816997
    26   0.0665148353  0.3353698313 -0.0288953261
    27   0.0494081678  0.3404039512 -0.0104442163
    28   0.0475671508  0.3344881902  0.0364590691
    29   0.0531420678  0.3398416579 -0.0239382265
    30   0.0524386210  0.3354146850 -0.0849598356
    31   0.0524786964  0.3390148304 -0.0197673561
    32   0.0431500966  0.3510474466 -0.0382557196
    33   0.0789189001  0.1240428121 -0.0253151575
    34   0.0721568436  0.1241367344 -0.0042855647
    35   0.0244534401  0.0340837374 -0.0024330372
    36   0.0209047978  0.0342580996  0.0070967213
    37   0.0245597320  0.0367989905 -0.0155185258
    38   0.0209929258  0.0367710749 -0.0061162573
 n=     5 A   IR&R
     hbarW= -0.16577921E-04 Ha = -0.45110822E-03 eV; nu= -0.36384336E+01 cm^-1
    25  -0.2611051927  0.0656268041  0.1885970962
    26  -0.2856547756  0.0662077972  0.1946417948
    27  -0.2580886644  0.0627747920  0.1514943252
    28  -0.2578625680  0.0727823392  0.1746118427
    29  -0.2627683077  0.0588444980  0.2293073218
    30  -0.2636171001  0.0757113531  0.2046418505
    31  -0.2555604933  0.0688429513  0.1861277738
    32  -0.2466323244  0.0715655355  0.2055272904
    33  -0.2073556912  0.0210449916  0.0823674865
    34  -0.2025478606  0.0208128636  0.0879058185
    35  -0.0618680605  0.0070362193  0.0134495278
    36  -0.0592903113  0.0067288456  0.0162563453
    37  -0.0620305514  0.0050625458  0.0338125669
    38  -0.0594987074  0.0048395375  0.0366909162
 n=     6 A   IR&R
     hbarW= -0.11527065E-04 Ha = -0.31366743E-03 eV; nu= -0.25298987E+01 cm^-1
    25   0.1952606043 -0.0132493537  0.2969495490
    26   0.2003144604 -0.0108508176  0.2652317205
    27   0.1994414677 -0.0058250963  0.2898602299
    28   0.1989399228 -0.0184855624  0.2815926477
    29   0.1873841704 -0.0116636239  0.2632285048
    30   0.1882130744 -0.0114156655  0.2756773989
    31   0.1912334052 -0.0128943470  0.2660705855
    32   0.1875359310 -0.0111808635  0.3127791896
    33   0.0977353691 -0.0067605182  0.1325164147
    34   0.0935012495 -0.0070549637  0.1338346234
    35   0.0289976811 -0.0026592063  0.0408134310
    36   0.0267377141 -0.0030968777  0.0416306230
    37   0.0290250649 -0.0011786773  0.0366145693
    38   0.0267704483 -0.0012061538  0.0374389014
 n=     7 A   IR&R
     hbarW=  0.86643939E-04 Ha =  0.23577017E-02 eV; nu=  0.19016149E+02 cm^-1
    25   0.1516728014  0.0213518631 -0.0052113055
    26  -0.0219717208  0.0319071632 -0.0421978499
    27   0.1335503919  0.0010350550 -0.2426585431
    28   0.1342643053  0.0579284562 -0.2678567421
    29   0.1244571782 -0.0010616879  0.1748119806
    30   0.1243344615  0.0569242601  0.2098678126
    31   0.1346192807  0.0273781120 -0.0452812143
    32   0.1855875477  0.0318213407  0.0044855442
    33  -0.5216968961 -0.0110311188 -0.0102260456
    34  -0.5033822265 -0.0112721429 -0.0000356362
    35  -0.1611513778  0.0016132299 -0.0631429397
    36  -0.1513929041 -0.0013657374 -0.0571135932
    37  -0.1621406545 -0.0085560418  0.0533493245
    38  -0.1525301490 -0.0058344816  0.0601937455
 n=     8 A   IR&R
     hbarW=  0.15066904E-03 Ha =  0.40999135E-02 eV; nu=  0.33068036E+02 cm^-1
    25   0.0196517164  0.0162745552 -0.6463973464
    26   0.0089999552 -0.0522042963  0.3717040130
    27  -0.0675639283 -0.0321676160 -0.0939051696
    28  -0.0740100903 -0.0149509673  0.3319688847
    29   0.1025790449 -0.0106047702  0.3133609561
    30   0.0996567959 -0.0338815813 -0.0605138466
    31   0.0133213855  0.0011619438  0.2577729374
    32   0.0153297065 -0.0188387411 -0.2957155541
    33  -0.0304846295  0.0601074410 -0.0714578722
    34  -0.0364726454  0.0574307918 -0.1107729810
    35  -0.0088997244  0.0173112858 -0.0183025827
    36  -0.0120945397  0.0163697060 -0.0428707920
    37  -0.0083530962  0.0193996259 -0.0130211422
    38  -0.0113668942  0.0191669920 -0.0369661540
 n=     9 A   IR&R
     hbarW=  0.15459255E-03 Ha =  0.42066775E-02 eV; nu=  0.33929146E+02 cm^-1
    25  -0.0064240732 -0.0373758457 -0.3174835915
    26  -0.0042034997  0.0982222510  0.1927871454
    27  -0.0515201032  0.0274724130  0.4756661974
    28  -0.0391065368  0.0490811972 -0.4130980861
    29   0.0279084997  0.0486185926 -0.3668230503
    30   0.0384861005  0.0265199159  0.4879696575
    31  -0.0078601481 -0.0122561531  0.1179709705
    32  -0.0062971571  0.0262055958 -0.1025372170
    33   0.0201938171 -0.1202661558 -0.0689729130
    34   0.0216636381 -0.1214809692  0.0089663746
    35   0.0057168619 -0.0366343566 -0.0323897911
    36   0.0065605623 -0.0367224970  0.0163470818
    37   0.0062682656 -0.0372020484 -0.0348890328
    38   0.0067338898 -0.0377300701  0.0134000214
 n=    10 A   IR&R
     hbarW=  0.17612677E-03 Ha =  0.47926536E-02 eV; nu=  0.38655362E+02 cm^-1
    25  -0.0473527324 -0.0153427543 -0.0083498730
    26  -0.0015720555 -0.0044309168 -0.0286281296
    27   0.0357876096 -0.0340165555  0.4616347822
    28   0.0401699117  0.0197445955  0.4449700079
    29   0.0350788701 -0.0354061518 -0.4618147287
    30   0.0393755755  0.0271802448 -0.3870070141
    31   0.1312686168 -0.0069087855 -0.0325006171
    32   0.0721771874 -0.0033784448 -0.0153590692
    33  -0.2846113754 -0.0166480141 -0.0113160201
    34  -0.2809317429 -0.0164763040 -0.0055163875
    35  -0.0852399023 -0.0027526019 -0.0115604480
    36  -0.0832353903 -0.0056456339 -0.0079667463
    37  -0.0853515968 -0.0071337406  0.0036514047
    38  -0.0834170175 -0.0043413499  0.0078344958
 n=    11 A   IR&R
     hbarW=  0.19268103E-03 Ha =  0.52431180E-02 eV; nu=  0.42288603E+02 cm^-1
    25   0.0022187749 -0.0027186547  0.3539529902
    26  -0.0021205730  0.0027752622 -0.1937989985
    27  -0.0329538806  0.0793190271 -0.0695167931
    28  -0.0346463338 -0.0807440155 -0.0908620125
    29   0.0394175904 -0.0826925174 -0.1028702946
    30   0.0379474610  0.0821880354 -0.0697812278
    31   0.0047224688 -0.0027191464  0.7589181224
    32   0.0054460332 -0.0022814177 -0.4119739958
    33  -0.0140178925  0.0027109886 -0.1118247546
    34  -0.0141975091 -0.0037502361 -0.1122535332
    35  -0.0043132159  0.0000125917 -0.0378687026
    36  -0.0044036798 -0.0003600508 -0.0380631524
    37  -0.0039551256 -0.0000342735 -0.0366514073
    38  -0.0040535292 -0.0001651789 -0.0366747145
 n=    12 A   IR&R
     hbarW=  0.21568018E-03 Ha =  0.58689566E-02 eV; nu=  0.47336332E+02 cm^-1
    25   0.0009033289  0.0003125104  0.0206332352
    26   0.0045603796 -0.0006342263  0.5878581374
    27   0.0112723742 -0.0537637110 -0.2658744857
    28   0.0191027338  0.0670683181 -0.3348901249
    29  -0.0041413682  0.0654860154 -0.2698256036
    30  -0.0127815117 -0.0604131957 -0.4370084086
    31   0.0067995126  0.0071939644  0.2405251432
    32   0.0038318485  0.0096796586  0.3237410115
    33  -0.0200522942 -0.0219913610  0.1054856066
    34  -0.0042350991 -0.0243744707  0.1122776132
    35  -0.0079480115 -0.0036863133  0.0232323598
    36   0.0003971989 -0.0041056714  0.0285607567
    37  -0.0075939602 -0.0098597366  0.0262634233
    38   0.0007341420 -0.0102255121  0.0292502877
 n=    13 A   IR&R
     hbarW=  0.22498606E-03 Ha =  0.61221825E-02 eV; nu=  0.49378738E+02 cm^-1
    25   0.0016808571  0.0128557471 -0.0152083457
    26   0.0023159423 -0.0135898444 -0.0646429994
    27  -0.0223794384  0.0259953963  0.5414281798
    28   0.0249563804  0.0065119748 -0.4444174452
    29   0.0274201802 -0.0513757906  0.5074360990
    30  -0.0207137812 -0.0324035687 -0.4464804306
    31   0.0040160704 -0.0162076935 -0.0159051352
    32   0.0009334326 -0.0263936530 -0.0393856225
    33  -0.0810723576  0.0904761890 -0.0007029097
    34   0.0567331094  0.0903089987 -0.0250997004
    35  -0.0397179927  0.0538640775 -0.0006979313
    36   0.0327823610  0.0537934330 -0.0066973440
    37  -0.0400270697  0.0007241150  0.0096102983
    38   0.0326454314  0.0005233663 -0.0153109345
 n=    14 A   IR&R
     hbarW=  0.23955959E-03 Ha =  0.65187484E-02 eV; nu=  0.52577258E+02 cm^-1
    25  -0.0006537935 -0.1085557782 -0.0288964975
    26   0.0036981024  0.0522061910 -0.0616204444
    27  -0.0137571452  0.0729274536 -0.0304428781
    28   0.0052961302  0.0577595541  0.0711103664
    29  -0.0014754859  0.0518863545  0.2074725067
    30   0.0014786152  0.0596656954 -0.1698388183
    31  -0.0046515772  0.0941079317  0.0088020175
    32  -0.0009311070  0.1602586115 -0.0075869353
    33   0.0063615344 -0.5918038060 -0.0842956661
    34   0.0272158982 -0.5919835012  0.0807567547
    35  -0.0004538417 -0.1737205151 -0.0525039230
    36   0.0105561753 -0.1734485232  0.0535657740
    37  -0.0001532965 -0.1819131895 -0.0534782071
    38   0.0104051221 -0.1826118580  0.0514979207
 n=    15 A   IR&R
     hbarW=  0.25979876E-03 Ha =  0.70694845E-02 eV; nu=  0.57019244E+02 cm^-1
    25  -0.0074164559  0.0042381626 -0.4592260929
    26   0.0027591221 -0.0055243847 -0.5498247473
    27   0.0395843994 -0.0304930758 -0.0285675993
    28   0.0425329965  0.0210390041 -0.0078753756
    29  -0.0475788197  0.0212950320 -0.0310833892
    30  -0.0441993823 -0.0284976235 -0.0237881420
    31  -0.0000968146 -0.0035140367  0.4087077689
    32  -0.0047408136 -0.0068895642  0.5164324983
    33   0.0027206658  0.0242504720  0.1289473449
    34   0.0012550761  0.0318863002  0.1224484854
    35   0.0012583910  0.0074802106  0.0427010330
    36   0.0004921251  0.0087526481  0.0382371068
    37   0.0005295987  0.0081068561  0.0434580073
    38  -0.0002161514  0.0092940106  0.0391013057
 n=    16 A   IR&R
     hbarW=  0.50994680E-03 Ha =  0.13876359E-01 eV; nu=  0.11192040E+03 cm^-1
    25   0.0014563163  0.3786729216  0.0017833934
    26   0.0008545782 -0.2749812651 -0.0005194974
    27  -0.0719843168  0.0645529564  0.0223534700
    28   0.0727478803  0.0586000357 -0.0202647529
    29  -0.0742978695  0.0433752973 -0.0224309294
    30   0.0707986183  0.0464059455  0.0212193414
    31  -0.0036552158  0.4946725026 -0.0000647254
    32   0.0061789607 -0.6848172499  0.0020961829
    33  -0.0018521853 -0.0960882991  0.0598237458
    34   0.0017579452 -0.0959860342 -0.0616699489
    35  -0.0007326104 -0.0243197880  0.0324180789
    36   0.0005556660 -0.0243694188 -0.0341370320
    37  -0.0013135228 -0.0253182333  0.0336725243
    38   0.0011436522 -0.0252802157 -0.0330714853
 n=    17 A   IR&R
     hbarW=  0.51695827E-03 Ha =  0.14067151E-01 eV; nu=  0.11345924E+03 cm^-1
    25   0.2316438026 -0.0031770508 -0.0131295245
    26  -0.2789345053  0.0039396662  0.0083930383
    27  -0.0392238815  0.1043484134  0.0366172572
    28  -0.0448764024 -0.1046023385  0.0351599880
    29  -0.0816743354  0.0253119963 -0.0374412498
    30  -0.0777603371 -0.0250999224 -0.0379437731
    31  -0.4970575804 -0.0029927087 -0.0021673016
    32   0.7539407630  0.0042671165  0.0090578513
    33   0.0438753459  0.0033182883 -0.0002990606
    34   0.0439375582  0.0031392747  0.0000423817
    35   0.0082273951  0.0023071769 -0.0307264902
    36   0.0082301873 -0.0004271725 -0.0307785670
    37   0.0076656537 -0.0005409861  0.0301697670
    38   0.0076512778  0.0024274044  0.0304877608
 n=    18 A   IR&R
     hbarW=  0.52697732E-03 Ha =  0.14339783E-01 eV; nu=  0.11565816E+03 cm^-1
    25  -0.0225024707  0.0042573091 -0.1255957271
    26   0.0201435340 -0.0053702217  0.1308263346
    27   0.3644470527  0.3396819854 -0.0060934497
    28   0.3532017492 -0.3350773698 -0.0037736449
    29  -0.3494302196 -0.3463932460 -0.0033362492
    30  -0.3398572923  0.3417451521  0.0059145738
    31   0.0408601819 -0.0040957538 -0.0008162825
    32  -0.0642137857  0.0070202255 -0.0223412385
    33  -0.0018081428 -0.0007482564 -0.0045639015
    34  -0.0012396900 -0.0008669715 -0.0029037112
    35   0.0000829057 -0.0006092181  0.0017452942
    36   0.0003966809  0.0002767225  0.0027742335
    37  -0.0003382543 -0.0005801723 -0.0044184822
    38  -0.0000225532 -0.0002334929 -0.0034232104
 n=    19 A   IR&R
     hbarW=  0.55211460E-03 Ha =  0.15023804E-01 eV; nu=  0.12117516E+03 cm^-1
    25   0.0211360736  0.0037688814  0.0184151275
    26  -0.0221959969 -0.0050403704  0.0022120336
    27   0.3345195201 -0.3419682943  0.0397391966
    28   0.3377446472  0.3515372978  0.0377857737
    29  -0.3366924766  0.3440755017  0.0377396548
    30  -0.3378098892 -0.3526179327  0.0362822018
    31  -0.0119007549  0.0000664207  0.0950604234
    32   0.0194565938  0.0035747010 -0.2063231185
    33   0.0009851887 -0.0045831871 -0.0421670382
    34   0.0007819295 -0.0038220947 -0.0434014928
    35   0.0002438561 -0.0008909281 -0.0094420207
    36   0.0001016157 -0.0016704180 -0.0099063583
    37   0.0002909813 -0.0008979299 -0.0098807301
    38   0.0001485521 -0.0014699011 -0.0099909808
 n=    20 A   IR&R
     hbarW=  0.56017128E-03 Ha =  0.15243037E-01 eV; nu=  0.12294340E+03 cm^-1
    25  -0.0353269275 -0.0361336209 -0.0016101159
    26   0.0377717501  0.0443971786  0.0003524446
    27  -0.4622417610 -0.1787125189 -0.0118760354
    28   0.4685975575 -0.1883548147  0.0089008213
    29   0.4509750328  0.1822965441 -0.0021794520
    30  -0.4654545546  0.1863789772  0.0098512571
    31  -0.0114429989  0.0198900416 -0.0008879596
    32   0.0211248266 -0.0312632778 -0.0027354047
    33   0.0252753138  0.0028795779  0.0030560966
    34  -0.0305558858  0.0029885404 -0.0030489224
    35   0.0141482821 -0.0101961019  0.0028293366
    36  -0.0162400323 -0.0102903494 -0.0062742655
    37   0.0141947838  0.0121712136  0.0012290817
    38  -0.0162137170  0.0124258202  0.0022316963
 n=    21 A   IR&R
     hbarW=  0.56238333E-03 Ha =  0.15303230E-01 eV; nu=  0.12342889E+03 cm^-1
    25  -0.6261600576  0.0055796941  0.0020702718
    26   0.6738099638 -0.0066912057  0.0022199446
    27  -0.0030071569  0.0304808589 -0.0308831386
    28  -0.0490631482  0.0086446960 -0.0302872874
    29  -0.0611601236  0.0038914608  0.0313242838
    30  -0.0162205846 -0.0444265718  0.0321784315
    31  -0.1789139524 -0.0047984905  0.0006510775
    32   0.3160849333  0.0061655930 -0.0085261727
    33  -0.0490216671  0.0009073015 -0.0001716349
    34  -0.0471142011  0.0004459458  0.0004304245
    35  -0.0176515908  0.0011202823 -0.0260604189
    36  -0.0166504764 -0.0000258389 -0.0256632135
    37  -0.0180603106 -0.0006810826  0.0251454085
    38  -0.0170889621  0.0002959474  0.0257145815
 n=    22 A   IR&R
     hbarW=  0.56629287E-03 Ha =  0.15409614E-01 eV; nu=  0.12428693E+03 cm^-1
    25   0.0054636182  0.6035153493  0.0028692394
    26  -0.0052342490 -0.6261350462 -0.0039145576
    27  -0.0133535949 -0.0389562408  0.0327449757
    28   0.0020933278 -0.0384642849 -0.0315089244
    29   0.0596736352 -0.0064998368 -0.0336926083
    30  -0.0483502453 -0.0070428686  0.0325863944
    31  -0.0004227399 -0.2437860554 -0.0008122013
    32   0.0000010269  0.4016282856 -0.0006694500
    33   0.0015300392 -0.0481001699 -0.0293568788
    34  -0.0005812483 -0.0483071771  0.0330780291
    35   0.0006618405 -0.0164850272 -0.0205182563
    36  -0.0003557477 -0.0164605201  0.0216749679
    37   0.0009116028 -0.0157959821 -0.0211865332
    38  -0.0005530258 -0.0159278672  0.0218978480
 n=    23 A   IR&R
     hbarW=  0.56996883E-03 Ha =  0.15509642E-01 eV; nu=  0.12509371E+03 cm^-1
    25   0.0131427752 -0.0027162127  0.0001054073
    26  -0.0138505391 -0.0013467025  0.0009168180
    27  -0.1823849877  0.4645101389 -0.0302190858
    28   0.1761493217  0.4589707432  0.0311894085
    29   0.1887568820 -0.4663866188 -0.0335531736
    30  -0.1812297931 -0.4601776093  0.0289746735
    31   0.0038481176 -0.0078312951 -0.0003327664
    32  -0.0045908475  0.0131289058  0.0033526307
    33   0.0431981593  0.0019611724 -0.0011482728
    34  -0.0411140684  0.0022832298  0.0006787143
    35   0.0235284889 -0.0167857239  0.0046043984
    36  -0.0230130950 -0.0167645845 -0.0038039848
    37   0.0236944316  0.0177141738 -0.0053334574
    38  -0.0229588530  0.0179765468  0.0045007834
 n=    24 A   IR&R
     hbarW=  0.77231019E-03 Ha =  0.21015631E-01 eV; nu=  0.16950251E+03 cm^-1
    25   0.0427733031  0.4743750465  0.0011289648
    26   0.0367769873  0.5215351928  0.0008068645
    27  -0.2760535258 -0.2480823477 -0.0099003323
    28   0.2287585962 -0.2190445767  0.0109482675
    29  -0.2809343361 -0.2542851437  0.0090954612
    30   0.2327200252 -0.2231797143 -0.0120796091
    31   0.0122498560 -0.0593411997 -0.0002061154
    32   0.0054436829  0.0621999793 -0.0020892411
    33  -0.0019136800 -0.0494562596  0.0140208236
    34  -0.0014463570 -0.0497743097 -0.0094033710
    35  -0.0004341786 -0.0146091309  0.0028050584
    36  -0.0009297935 -0.0146948448 -0.0048882758
    37  -0.0011215869 -0.0147386565  0.0057709967
    38  -0.0002100918 -0.0147700170 -0.0019753521
 n=    25 A   IR&R
     hbarW=  0.77428550E-03 Ha =  0.21069382E-01 eV; nu=  0.16993604E+03 cm^-1
    25  -0.5263150857  0.0391916020  0.0010434752
    26  -0.4526152959  0.0415634155 -0.0012347125
    27   0.2686524418  0.1670014445 -0.0058739487
    28   0.3123721155 -0.2016812271 -0.0031268831
    29   0.2732176957  0.1712920239  0.0066504051
    30   0.3172195713 -0.2080614155  0.0024808652
    31  -0.1456103946 -0.0075296890  0.0002661722
    32  -0.0699397361  0.0027948232 -0.0020257281
    33   0.0216677868 -0.0043523281  0.0045235476
    34   0.0215837038 -0.0046922083  0.0020629828
    35   0.0083654178 -0.0016454579  0.0175782484
    36   0.0082722356 -0.0010373547  0.0167278510
    37   0.0086120492 -0.0009850105 -0.0152685978
    38   0.0086564262 -0.0016381415 -0.0163872816
 n=    26 A   IR&R
     hbarW=  0.79469231E-03 Ha =  0.21624679E-01 eV; nu=  0.17441482E+03 cm^-1
    25   0.1035716860 -0.0004377702 -0.0001147712
    26   0.1140891301 -0.0000118182  0.0006626330
    27   0.1736070943 -0.2851988822  0.0207984518
    28   0.1850329774  0.2971715292  0.0214928862
    29   0.1747783917 -0.2873012888 -0.0219406264
    30   0.1841086619  0.2978303974 -0.0222243184
    31  -0.6576515810 -0.0142521811  0.0006933719
    32  -0.2634100303 -0.0063417070 -0.0004543174
    33  -0.0197470721 -0.0013096344  0.0023630484
    34  -0.0196565980 -0.0011570510  0.0003037207
    35  -0.0033550128 -0.0003999469  0.0216775021
    36  -0.0032961459 -0.0001797753  0.0206916734
    37  -0.0030068554 -0.0002116635 -0.0195233560
    38  -0.0029154278 -0.0004590826 -0.0208045427
 n=    27 A   IR&R
     hbarW=  0.79690933E-03 Ha =  0.21685008E-01 eV; nu=  0.17490140E+03 cm^-1
    25  -0.0009063147  0.0209650919  0.0002934255
    26   0.0008351079  0.0237846150  0.0004540939
    27   0.2374193537 -0.2616142144  0.0267211806
    28  -0.2261091689 -0.2505540755 -0.0254838886
    29   0.2358431820 -0.2594802454 -0.0267271327
    30  -0.2253600051 -0.2489167062  0.0250515123
    31  -0.0153510768  0.6584822769  0.0003529456
    32  -0.0058757934  0.2814597463  0.0043663016
    33   0.0000145472  0.0291280110 -0.0514048352
    34  -0.0005628412  0.0297490904  0.0401839938
    35  -0.0001092217  0.0066250415 -0.0257729690
    36   0.0001769364  0.0067167129  0.0251590063
    37   0.0004415445  0.0065634446 -0.0272217713
    38  -0.0004751933  0.0065627746  0.0237393892
 n=    28 A   IR&R
     hbarW=  0.85986935E-03 Ha =  0.23398237E-01 eV; nu=  0.18871953E+03 cm^-1
    25  -0.0046383858  0.0020544270  0.0478954416
    26   0.0019545922  0.0011239744  0.0476151484
    27   0.0088241367 -0.0064018840  0.0178908150
    28   0.0149516874  0.0074565944  0.0152879923
    29  -0.0094595070  0.0090635559  0.0182756021
    30  -0.0044267999 -0.0047626597  0.0183425320
    31  -0.0001304710 -0.0080207880  0.0211780929
    32  -0.0016908205  0.0021003888  0.4138105960
    33   0.0038959136 -0.0380386528 -0.6110143211
    34   0.0044287970  0.0304442195 -0.6201275314
    35   0.0026360998 -0.0038907902 -0.1209960797
    36   0.0027191587  0.0018984978 -0.1251405680
    37  -0.0014308675 -0.0043361257 -0.1229920381
    38  -0.0013048221  0.0022553193 -0.1265673123
 n=    29 A   IR&R
     hbarW=  0.12118664E-02 Ha =  0.32976565E-01 eV; nu=  0.26597396E+03 cm^-1
    25  -0.0000803179  0.0387748387  0.0006565040
    26   0.0001929720  0.0032255359  0.0005215899
    27  -0.0202536034  0.0035164158 -0.0228462607
    28   0.0212446231  0.0049335434  0.0240338637
    29  -0.0209437960  0.0050397123  0.0225982501
    30   0.0199066092  0.0038390799 -0.0220460929
    31  -0.0000665532 -0.0196268619  0.0003996671
    32   0.0000855861 -0.1703550282  0.0001167356
    33   0.0052685971  0.1034945695 -0.5946165778
    34  -0.0048518055  0.1042145082  0.5821079736
    35   0.0045380386  0.0085516586 -0.2488744465
    36  -0.0039467500  0.0089793370  0.2503378807
    37  -0.0001467879  0.0083694300 -0.2525128096
    38   0.0004673495  0.0078037984  0.2499529982
 n=    30 A   IR&R
     hbarW=  0.19265577E-02 Ha =  0.52424305E-01 eV; nu=  0.42283058E+03 cm^-1
    25   0.0021187553  0.0000553969 -0.0003533260
    26   0.0145573949  0.0001002930 -0.0003512838
    27  -0.0145860955  0.0034643043 -0.0216464827
    28  -0.0141656805 -0.0034166030 -0.0216214397
    29  -0.0134562129  0.0030491309  0.0201868268
    30  -0.0135469901 -0.0031387354  0.0204734864
    31   0.0070488136 -0.0000411223 -0.0001817604
    32   0.0979318242 -0.0001659728  0.0027035738
    33  -0.1052050072 -0.0010853028  0.0030330359
    34  -0.1056711965 -0.0011762881  0.0007882721
    35   0.0335850078 -0.0134372978  0.4862019257
    36   0.0341679810  0.0128985955  0.4902036435
    37   0.0422390152  0.0118620146 -0.4881250854
    38   0.0430136500 -0.0129926381 -0.4937215864
 n=    31 A   IR&R
     hbarW=  0.34700329E-02 Ha =  0.94424406E-01 eV; nu=  0.76158428E+03 cm^-1
    25  -0.0005593412  0.0000266614  0.0000254172
    26   0.0005254676 -0.0000145265 -0.0000448829
    27  -0.0005241004  0.0002961045 -0.0015978056
    28  -0.0005553042 -0.0003190913 -0.0016241386
    29  -0.0005494682  0.0002891700  0.0015339772
    30  -0.0005464248 -0.0003028648  0.0015265607
    31   0.0007115111  0.0000056587 -0.0000166361
    32  -0.0012539783  0.0001173543  0.0002251111
    33   0.1300602015 -0.0007147778  0.0006740957
    34   0.1342720614 -0.0013277569  0.0043523596
    35  -0.2262233894  0.4342459501  0.0409101936
    36  -0.2285334714 -0.4334702180  0.0373744206
    37  -0.2275596560 -0.4314484081 -0.0460557512
    38  -0.2246107474  0.4349885693 -0.0485920819
 n=    32 A   IR&R
     hbarW=  0.37456714E-02 Ha =  0.10192491E+00 eV; nu=  0.82207994E+03 cm^-1
    25  -0.0000020837 -0.0001372413 -0.0001439684
    26  -0.0001524568  0.0001377764  0.0040064292
    27  -0.0039984542  0.0029938678 -0.0062041848
    28  -0.0035657985 -0.0026627747 -0.0053736596
    29   0.0031895545 -0.0023730185 -0.0048049022
    30   0.0038300018  0.0026653097 -0.0057354540
    31   0.0000739292  0.0000003653  0.0034938178
    32   0.0011188103 -0.0027340309 -0.0489301436
    33   0.0013925892 -0.0754791861 -0.1568873266
    34   0.0025548095  0.0898405401 -0.2445398415
    35   0.0049622572  0.0592709412  0.4229211733
    36   0.0058398097 -0.0751204260  0.5159859430
    37  -0.0134431163  0.0548014119  0.4156142900
    38  -0.0176011148 -0.0712432187  0.5133708337
 n=    33 A   IR&R
     hbarW=  0.38110581E-02 Ha =  0.10370417E+00 eV; nu=  0.83643066E+03 cm^-1
    25  -0.0000065796 -0.0003646244  0.0000287433
    26   0.0000154646  0.0008778511 -0.0004389252
    27  -0.0017736269  0.0009259140 -0.0030415527
    28   0.0026699075  0.0016132353  0.0044278982
    29  -0.0026157046  0.0016123152  0.0042969709
    30   0.0018392041  0.0010190633 -0.0031184596
    31  -0.0000004163 -0.0004253161 -0.0003846867
    32  -0.0002046846 -0.0235141129  0.0054872948
    33  -0.0042942175  0.0729378639  0.3893835482
    34   0.0058116292  0.0541774072 -0.3429067255
    35  -0.0077467759 -0.0769997620 -0.4580487809
    36   0.0040753002 -0.0647515116  0.3492908804
    37   0.0169882385 -0.0778956539 -0.4807554182
    38  -0.0156042359 -0.0596260517  0.3721920821
 n=    34 A   IR&R
     hbarW=  0.40154060E-02 Ha =  0.10926476E+00 eV; nu=  0.88127986E+03 cm^-1
    25   0.0000096076  0.0000251498 -0.0000189812
    26   0.0000015238 -0.0000378020 -0.0000213537
    27   0.0042063746 -0.0033651661  0.0057177603
    28  -0.0042882570 -0.0034646218 -0.0058647649
    29  -0.0041261720  0.0031993423  0.0053026225
    30   0.0041675603  0.0032611153 -0.0053153672
    31   0.0000010976  0.0000490183 -0.0000152513
    32   0.0001115378  0.0004339211 -0.0000227263
    33  -0.0970525436 -0.0008531747 -0.0084511861
    34   0.0958338977 -0.0015837983  0.0087674575
    35   0.0600851022 -0.0442672878  0.5022401048
    36  -0.0595088352 -0.0432999278 -0.4971004069
    37   0.0684488148  0.0477570695 -0.4801607938
    38  -0.0672148075  0.0466470109  0.4758704915
 n=    35 A   IR&R
     hbarW=  0.52663143E-02 Ha =  0.14330371E+00 eV; nu=  0.11558225E+04 cm^-1
    25   0.0000019083 -0.0000011093  0.0000195435
    26  -0.0000024688  0.0000067803 -0.0000180083
    27   0.0004181383 -0.0001146828  0.0018712607
    28  -0.0004189840 -0.0001390858 -0.0018826699
    29  -0.0003862019  0.0000961490  0.0017477592
    30   0.0003747638  0.0001081645 -0.0017270141
    31  -0.0000019111  0.0000089273 -0.0000035865
    32   0.0000043259  0.0000097808  0.0000914997
    33   0.4175043843 -0.0006930941  0.0041751007
    34  -0.4169013108 -0.0006215002 -0.0039710714
    35  -0.1067850976  0.3825760479  0.0894312462
    36   0.1073352368  0.3776099370 -0.0895845952
    37  -0.1056962412 -0.3777448091 -0.0915622878
    38   0.1027515759 -0.3781129283  0.0903372366
 n=    36 A   IR&R
     hbarW=  0.56248300E-02 Ha =  0.15305942E+00 eV; nu=  0.12345076E+04 cm^-1
    25   0.0000182325 -0.0000164909 -0.0002514860
    26   0.0000279746 -0.0000180752 -0.0019337346
    27   0.0010349610 -0.0003672074  0.0010036586
    28   0.0010189778  0.0003453474  0.0009526174
    29  -0.0009816111  0.0002873635  0.0008927745
    30  -0.0009926231 -0.0002639908  0.0009259031
    31  -0.0000096216 -0.0000321426 -0.0009194810
    32  -0.0002397073 -0.0000323697  0.0194665141
    33   0.0004351984  0.4495252702 -0.0180996699
    34  -0.0001270372 -0.4469698002 -0.0180595989
    35  -0.1201262560  0.3632000007 -0.0130639206
    36  -0.1254373832 -0.3679859018 -0.0126009887
    37   0.1237116481  0.3652853604 -0.0104560023
    38   0.1234747299 -0.3674878633 -0.0116869669
 n=    37 A   IR&R
     hbarW=  0.62338215E-02 Ha =  0.16963092E+00 eV; nu=  0.13681658E+04 cm^-1
    25   0.0000020987 -0.0006880568 -0.0000035390
    26   0.0000013880 -0.0005710989  0.0000065528
    27   0.0008341774 -0.0001714096  0.0007949911
    28  -0.0008589994 -0.0001838147 -0.0008134840
    29   0.0008568178 -0.0001616325 -0.0007570411
    30  -0.0008183848 -0.0001350712  0.0007163721
    31  -0.0000026079  0.0003324382  0.0000032926
    32   0.0000041757  0.0015616263 -0.0001375693
    33   0.0017310090  0.2190936448 -0.0239715869
    34  -0.0003529991  0.2278916670  0.0247668928
    35   0.2655556400 -0.3856169637  0.0664153908
    36  -0.2692184940 -0.3829820305 -0.0667092342
    37  -0.2704073441 -0.3864319305  0.0612288104
    38   0.2689481104 -0.3863818451 -0.0616892291
 n=    38 A   IR&R
     hbarW=  0.67400167E-02 Ha =  0.18340520E+00 eV; nu=  0.14792628E+04 cm^-1
    25   0.0000046222  0.0000046889 -0.0003683831
    26   0.0000221619 -0.0000029184 -0.0000137672
    27   0.0001345931 -0.0005861495  0.0001470222
    28   0.0001458811  0.0005867796  0.0001475741
    29  -0.0001290034  0.0005497655  0.0001356959
    30  -0.0001316948 -0.0005414200  0.0001479626
    31  -0.0000138293 -0.0000167363 -0.0003384168
    32  -0.0001570924 -0.0000149350  0.0086457730
    33   0.0021254713  0.5135623969 -0.0465654147
    34  -0.0008932031 -0.5116090198 -0.0467747321
    35   0.2458384545 -0.2324485536  0.0648323951
    36   0.2448199613  0.2275266178  0.0642215547
    37  -0.2490603756 -0.2315852148  0.0598855534
    38  -0.2451454558  0.2295181208  0.0595504637
 n=    39 A   IR&R
     hbarW=  0.13392031E-01 Ha =  0.36441573E+00 eV; nu=  0.29392114E+04 cm^-1
    25   0.0000020580 -0.0002732357 -0.0000210401
    26  -0.0000011844  0.0000479602  0.0000129233
    27  -0.0000391324  0.0001241413 -0.0003391959
    28   0.0000219694  0.0001240585  0.0004145595
    29  -0.0000173300  0.0001229090  0.0003604490
    30   0.0000339452  0.0001189433 -0.0002877463
    31  -0.0000011018  0.0000020915  0.0000188712
    32   0.0000154129  0.0000732215 -0.0001547795
    33  -0.0065531821 -0.1691919211  0.0331718330
    34   0.0041775943 -0.1087814890 -0.0223592927
    35   0.5011422771  0.2876077675 -0.0559949956
    36  -0.3470262342  0.2017309201  0.0381684858
    37  -0.4781517886  0.2784557574 -0.0617623773
    38   0.3321877524  0.1902070038  0.0423545938
 n=    40 A   IR&R
     hbarW=  0.13414039E-01 Ha =  0.36501461E+00 eV; nu=  0.29440417E+04 cm^-1
    25   0.0000063547  0.0000492934 -0.0001153149
    26  -0.0000031941 -0.0000093396  0.0000572853
    27  -0.0000426649 -0.0000171697  0.0002935833
    28  -0.0000483889 -0.0000345901  0.0001401377
    29   0.0000569904 -0.0000342696  0.0001199911
    30   0.0000567050 -0.0000148923  0.0002389246
    31   0.0000008599 -0.0000108938  0.0000899543
    32   0.0000489464 -0.0000119558 -0.0008656897
    33  -0.0032159430 -0.1397196179  0.0245076952
    34  -0.0049001913  0.1905182341  0.0346793292
    35   0.3399600272  0.1960267724 -0.0392914009
    36   0.4947945563 -0.2891764902 -0.0564304788
    37  -0.3292485095  0.1930009631 -0.0439329774
    38  -0.4774237275 -0.2751300902 -0.0628995867
 n=    41 A   IR&R
     hbarW=  0.13722644E-01 Ha =  0.37341216E+00 eV; nu=  0.30117725E+04 cm^-1
    25  -0.0000045545  0.0000011003 -0.0000001690
    26   0.0000050544 -0.0000025100  0.0000009651
    27   0.0000402528  0.0000120931  0.0003950708
    28  -0.0000493953  0.0000068661 -0.0004213258
    29  -0.0000379716 -0.0000132427  0.0003900636
    30   0.0000333339 -0.0000122118 -0.0003703829
    31   0.0000001194  0.0000035057 -0.0000010794
    32  -0.0000099075 -0.0000143649 -0.0000005204
    33   0.2361561867 -0.0038514363  0.0027160428
    34  -0.2174841101 -0.0027941624 -0.0027198414
    35  -0.4074707258 -0.2517767747  0.0489405098
    36   0.3728744707 -0.2335722267 -0.0449170753
    37  -0.4230994763  0.2651603545 -0.0581180271
    38   0.3933832121  0.2430559034  0.0541982707
 n=    42 A   IR&R
     hbarW=  0.13847589E-01 Ha =  0.37681210E+00 eV; nu=  0.30391949E+04 cm^-1
    25   0.0001114506  0.0000002705 -0.0000018064
    26  -0.0001316102  0.0000008843 -0.0000015412
    27   0.0001090962 -0.0000354986  0.0003595311
    28   0.0001059587  0.0000396294  0.0003271645
    29   0.0000912660 -0.0000282898 -0.0002924030
    30   0.0000949698  0.0000304813 -0.0003313440
    31  -0.0000092089  0.0000004247 -0.0000054792
    32   0.0001381869 -0.0000001929  0.0000062798
    33  -0.2220085348  0.0035809967 -0.0024563526
    34  -0.2403534064 -0.0024197067 -0.0027796077
    35   0.3766399946  0.2332997309 -0.0433812527
    36   0.4066371397 -0.2552983203 -0.0469795678
    37   0.3875220180 -0.2436653958  0.0515387840
    38   0.4220887694  0.2616731911  0.0562925745
